AUC: 0.9975432908765431
F1: 0.9323487265412398
PRECISION: 0.8647283912348753
RECALL: 0.9997943776987928
TN: 605392
FN: 14
TP: 68072
FP: 10629
#Test_AUC: 0.9982±0.0003