AUC: 0.9998153809050484
F1: 0.995736028228789
PRECISION: 0.9917104937282383
RECALL: 0.9997943776987928
TN: 615452
FN: 14
TP: 68072
FP: 569
#Test_AUC: 0.9998±0.0000